#size | single thread | nocopy | copy | 16threads | gpu3
25 0.002388 0.005355 0.005398 0.001823 0.007148
50 0.021408 0.002063 0.002453 0.003813 0.039895
75 0.081563 0.003885 0.004853 0.010803 0.131205
100 0.203558 0.007569 0.009734 0.020184 0.304285
125 0.477367 0.013500 0.018475 0.041849 0.575199
150 0.885414 0.023381 0.031076 0.105652 1.013738
175 1.666643 0.036159 0.048782 0.202150 1.577682
200 2.263070 0.053028 0.071392 0.284766 2.862091
225 3.518893 0.074028 0.100493 0.432500 3.342045
250 4.487724 0.096931 0.137237 0.543013 4.579942
275 6.130615 0.141725 0.183902 0.838410 6.078013
300 7.581053 0.185890 0.239688  0.989975 7.899904
325 9.811353 0.206335 0.293018 1.413723 10.377767
350 12.196285 0.275931 0.374496 1.694492 12.486532
375 15.131688 0.339349 0.459932 2.278184 15.835824 
400 18.424641 0.395738 0.542527 2.768770 16.499291
425 21.712349 0.472825 0.648084 3.140443 22.989753

